[2, 0, 0, 0, 2, 2, 1, 0, 0]:[[3, 0, []], [6, 0, []]]:
[1, 0, 1, 1, 1, 1, 0, 0, 2]:[[1, 0, []]]:
[0, 0, 0, 2, 0, 2, 1, 2, 0]:[[6, 0, []]]:
[0, 0, 0, 1, 0, 1, 2, 3, 0]:[[4, 0, []]]:
[0, 3, 0, 1, 1, 1, 1, 0, 0]:[[2, 0, []], [3, 0, []], [6, 0, []]]:
[2, 1, 1, 2, 0, 1, 0, 0, 0]:[[4, 0, []]]:
[0, 0, 1, 1, 0, 3, 2, 0, 0]:[[1, 0, []], [4, 0, []]]:
[2, 1, 2, 0, 3, 2, 1, 1, 1]:[[1, 7, ['清一色', '一盃口']]]:
[1, 3, 1, 1, 0, 2, 1, 1, 3]:[[4, 6, ['清一色']]]:
[2, 0, 0, 2, 0, 1, 1, 1, 0]:[[0, 0, []], [3, 0, []]]:
[0, 2, 2, 2, 0, 0, 0, 0, 1]:[[8, 0, []]]:
[1, 1, 1, 1, 1, 1, 0, 0, 1]:[[8, 0, []]]:
[1, 3, 2, 0, 1, 0, 0, 0, 0]:[[3, 0, []]]:
[0, 0, 0, 0, 0, 1, 1, 4, 1]:[[5, 0, []], [6, 0, []], [8, 0, []]]:
[2, 0, 1, 1, 1, 0, 0, 0, 2]:[[0, 0, []], [8, 0, []]]:
[1, 2, 2, 1, 1, 0, 0, 0, 0]:[[1, 0, []], [4, 0, []]]:
[0, 1, 1, 2, 1, 1, 0, 1, 0]:[[7, 0, []]]:
[3, 2, 1, 1, 2, 1, 2, 1, 0]:[[5, 6, ['清一色']], [8, 6, ['清一色']]]:
[0, 0, 2, 1, 0, 1, 1, 1, 1]:[[4, 0, []]]:
[0, 0, 2, 2, 1, 1, 1, 0, 0]:[[2, 0, []], [3, 0, []]]:
[2, 0, 0, 1, 1, 1, 1, 0, 1]:[[7, 0, []]]:
[1, 3, 1, 4, 1, 1, 0, 1, 1]:[[6, 8, ['清一色', '一気通貫']], [6, 8, ['清一色', '一気通貫']]]:
[2, 2, 1, 0, 0, 3, 1, 1, 3]:[[2, 7, ['清一色', '一盃口']], [2, 7, ['清一色', '一盃口']]]:
[0, 2, 2, 3, 1, 1, 1, 1, 2]:[[2, 8, ['清一色', '平和', '一盃口']], [5, 8, ['清一色', '平和', '一盃口']], [8, 8, ['清一色', '平和', '一盃口']]]:
[2, 2, 2, 2, 0, 0, 0, 1, 4]:[[6, 7, ['清一色', '一盃口']], [6, 7, ['清一色', '一盃口']]]:
[3, 1, 0, 0, 1, 1, 2, 4, 1]:[[1, 6, ['清一色']], [2, 6, ['清一色']]]:
[1, 0, 2, 2, 2, 2, 1, 3, 0]:[[1, 6, ['清一色']]]:
[0, 1, 2, 2, 1, 1, 1, 3, 2]:[[1, 7, ['清一色', '一盃口']], [4, 6, ['清一色']], [7, 6, ['清一色']], [8, 7, ['清一色', 'タンヤオ']]]:
[0, 2, 1, 1, 1, 3, 0, 3, 2]:[[1, 10, ['清一色', '三暗刻', '対々和']], [8, 11, ['清一色', '三暗刻', '対々和', 'タンヤオ']]]:
[1, 1, 1, 0, 1, 0, 1, 0, 2]:[[5, 0, []]]:
[1, 1, 0, 1, 1, 1, 0, 2, 0]:[[2, 0, []]]:
[3, 0, 0, 2, 1, 0, 1, 0, 0]:[[5, 0, []]]:
[0, 2, 1, 0, 2, 2, 3, 2, 1]:[[3, 7, ['清一色', 'タンヤオ']]]:
